4 -2.522456e+01 5.616041e+00 1.050636e+02 3.995841e+02 1 gamma
4 3.198824e+01 -1.277556e+01 9.046601e+01 1.813677e+02 1 gamma
2 -2.000075e+01 -2.761117e-01 1.099315e+02 3.145442e+02 1 gamma
3 -1.875524e+01 -3.605829e+01 8.000000e+01 2.298172e+02 1 gamma
2 4.888442e+00 3.441156e+01 8.937804e+01 1.320112e+02 1 gamma
4 -1.430293e+01 -3.251945e+01 8.582336e+01 3.597104e+02 1 gamma
2 2.776152e+01 -3.439383e+01 8.000000e+01 2.390396e+02 1 gamma
4 3.794895e+00 -1.229445e+01 1.136221e+02 1.782414e+02 1 gamma
3 3.043648e+01 -3.171063e+01 8.000000e+01 3.170698e+02 1 gamma
2 -3.301534e+01 -1.432975e+01 8.080367e+01 3.755419e+02 1 gamma
2 -1.642817e+01 4.469779e+01 8.000000e+01 2.145459e+02 1 gamma
3 1.262661e+01 -3.914353e+01 8.000000e+01 2.075693e+02 1 gamma
2 2.104526e+01 2.445171e+01 9.597532e+01 1.248868e+02 1 gamma
2 2.063938e+01 2.050502e+01 1.012028e+02 2.126462e+02 1 gamma
3 4.131211e+01 2.618082e+00 8.000000e+01 2.750951e+02 1 gamma
2 2.619886e+01 1.958741e+01 9.503174e+01 3.581905e+02 1 gamma
2 4.445087e+00 -2.038402e+01 1.093383e+02 1.284242e+02 1 gamma
2 3.068193e+01 1.711502e+01 8.785464e+01 3.158728e+02 1 gamma
3 2.518986e+01 3.267738e+01 8.000000e+01 3.229316e+02 1 gamma
4 -2.522456e+01 5.616041e+00 1.050636e+02 3.995841e+02 1 gamma
4 3.198824e+01 -1.277556e+01 9.046601e+01 1.813677e+02 1 gamma
4 -2.522456e+01 5.616041e+00 1.050636e+02 3.995841e+02 1 gamma
